5132
1881 1
2011 1
2475 1
4154 2
6059 1
6927 1
8237 1
11062 4
14709 2
16899 1
17068 2
17741 1
17998 1
18234 1
19510 1
20786 1
21030 1
21646 1
24607 2
25459 4
25867 1
26954 1
29782 12
32197 2
34419 2
34550 1
34568 1
39630 2
42874 1
45610 1
47632 1
47693 1
48991 1
51970 1
53741 1
53913 2
54487 1
54533 1
54754 1
54886 1
55016 1
55092 1
57585 1
60328 9
64061 4
64719 1
65220 1
65444 1
65956 1
66240 1
67917 4
68264 2
68363 2
69228 1
69740 2
72776 1
73126 1
74097 2
75049 1
82587 1
82779 1
82935 1
84622 3
86378 2
87026 2
88238 1
88849 2
89320 11
89765 1
90138 2
90742 3
92271 1
94575 1
95821 1
96908 1
97275 1
100293 2
104540 2
106555 1
106793 2
107341 1
109875 2
113598 1
114116 2
125195 1
125470 3
125933 1
125977 1
136690 1
142274 3
145698 3
146802 1
147246 1
147352 1
150790 1
151807 4
156431 1
160814 1
163252 3
164304 2
165741 2
165767 1
167020 5
167651 2
167857 1
168334 1
170440 31
173861 2
177037 4
179326 1
199680 2
206186 1
208375 1
214240 1
215013 1
217546 2
220272 2
223149 2
230331 17
232868 2
233407 1
233934 1
239103 1
239811 1
245867 2
248086 1
255460 2
261156 1
262837 1
264268 43
268040 2
268988 3
276250 5
286683 2
287872 3
300772 1
302797 1
304107 1
308039 1
309670 1
315330 1
316153 1
317143 1
322497 1
324001 1
326330 1
329051 1
331400 1
331785 1
334819 1
342212 1
343184 1
348444 1
349136 1
353317 1
354356 1
354559 1
361176 1
362454 2
364210 2
365025 1
366276 1
372041 1
379600 1
381069 1
381549 1
386738 1
387816 1
396639 1
399100 2
401606 1
406512 1
410771 1
411375 1
414106 1
414459 1
419563 1
421630 1
423398 1
425601 1
426996 1
427564 1
438541 1
438546 14
439791 1
441735 1
444351 1
445086 1
456460 1
473432 1
475953 1
478401 1
486649 1
492569 2
498834 1
508795 1
511797 1
516478 1
517916 1
522187 1
525428 1
527989 2
530058 2
535230 1
537715 22
537811 22
538966 1
539881 2
544694 1
548184 1
558970 1
564847 2
572933 1
577172 1
577444 2
583012 1
585929 1
592092 1
594582 1
594907 1
604590 1
616774 1
627452 1
636831 2
644122 13
645289 1
647651 1
659020 1
663036 1
681893 2
685429 2
729806 1
757080 1
763782 8
768929 5
772966 1
800614 1
819254 1
843748 2
846332 1
851725 1
853925 1
859101 1
863665 1
875021 1
877001 2
881388 58
882499 11
904771 1
908931 5
919392 1
946190 3
951649 1
954213 1
963097 4
965233 2
968195 1
970507 1
975635 3
976284 1
978437 1
983849 1
1001282 1
1013717 4
1024188 2
1029356 1
1029428 1
1033897 5
1048172 1
1048530 1
1049688 2
1050883 1
1052133 2
1057521 1
1063469 1
1080343 1
1090911 1
1090979 6
1091312 1
1094884 3
1101747 1
1102560 4
1104310 8
1108266 1
1126385 1
1131360 1
1155325 2
1156665 1
1170333 2
1175746 10
1175891 1
1186616 1
1189552 1
1206524 11
1236283 1
1243548 2
1260116 1
1262707 1
1267215 1
1285695 1
1287520 1
1289423 1
1289464 2
1289573 1
1311274 1
1312095 1
1321061 1
1324925 1
1336077 1
1345253 3
1368771 1
1375162 1
1391891 1
1393873 2
1401674 1
1421099 2
1430825 2
1434863 1
1442417 2
1446928 3
1457787 4
1459818 4
1465515 1
1472467 1
1474628 3
1478356 1
1501216 1
1510018 2
1514790 1
1516042 3
1520136 1
1538596 1
1549101 1
1566104 1
1568097 5
1570116 2
1575101 1
1577118 1
1586160 1
1604808 2
1605832 1
1607704 1
1617429 1
1632315 2
1635597 2
1657853 14
1666599 1
1672429 1
1673810 1
1681079 2
1681201 2
1695703 1
1708493 1
1718617 8
1722118 2
1757671 12
1763544 6
1772254 3
1783942 2
1785970 12
1788492 2
1802996 1
1836625 1
1840296 1
1842967 2
1853795 2
1864510 1
1865821 1
1882924 1
1886454 1
1889974 6
1893513 4
1899109 1
1902482 2
1907855 1
1908059 1
1917336 1
1924488 4
1928207 1
1934531 1
1937019 1
1941879 1
1952539 1
1954898 1
1958812 4
1963448 3
1964976 1
1974560 9
1983227 1
1989539 1
1996179 1
1998187 2
1998305 5
2008124 6
2013108 1
2020714 1
2027070 2
2047573 1
2049464 1
2071240 4
2084583 1
2090057 1
2098235 5
2113567 1
2120585 1
2121844 1
2121978 4
2127303 1
2135934 2
2147097 1
2154224 1
2173788 1
2182355 2
2182692 1
2183179 1
2185345 3
2200771 1
2208221 1
2216725 2
2224021 5
2230434 2
2230495 1
2241232 2
2255488 1
2274938 1
2278055 1
2282159 5
2282525 1
2293668 1
2293888 1
2294100 2
2320487 3
2323360 2
2332372 1
2337467 1
2352066 1
2355626 1
2364390 1
2369942 1
2380538 2
2383017 1
2383850 1
2386360 1
2387192 2
2387233 1
2394550 1
2396120 2
2423177 2
2430932 1
2446075 1
2458506 2
2468868 1
2471155 2
2476764 1
2484856 1
2487396 3
2487462 5
2497260 5
2499929 1
2526999 5
2530755 1
2546623 2
2564237 1
2599213 1
2616023 1
2645535 1
2658563 1
2689710 2
2705347 2
2705919 3
2732253 1
2733506 3
2737242 1
2738980 2
2763210 1
2768299 3
2771304 1
2803532 1
2804069 45
2804704 1
2805979 1
2859033 1
2862173 1
2863180 1
2866829 1
2876834 1
2877118 1
2885691 2
2903824 1
2917074 1
2961225 1
2964139 1
2967578 6
3000717 7
3004593 1
3035321 1
3055040 4
3055499 1
3061205 2
3085083 1
3091092 1
3105245 2
3145752 1
3172679 3
3174282 1
3197780 1
3221424 1
3234109 1
3260426 4
3274971 2
3282728 49
3283775 1
3301645 3
3301894 1
3314736 1
3320975 1
3331285 1
3331387 5
3337942 1
3394380 126
3405644 1
3417010 3
3435605 1
3440263 1
3449874 7
3453587 2
3476053 11
3485734 2
3487561 1
3517481 1
3531317 1
3562095 1
3581696 2
3587807 1
3591961 1
3596591 1
3602322 1
3609492 1
3612554 1
3612839 1
3618981 6
3620462 1
3630720 1
3635519 2
3641953 1
3659598 2
3686777 1
3711181 1
3744288 2
3754471 2
3783920 1
3793631 1
3812050 9
3817385 2
3843865 1
3850610 1
3851223 1
3851313 1
3873441 1
3885660 1
3887416 1
3889742 2
3894076 1
3895521 1
3912388 1
3916338 2
3919574 2
3921171 1
3951505 3
3961016 1
3992341 2
4034127 1
4035887 1
4076046 3
4081374 1
4082617 1
4083283 3
4101984 1
4105365 1
4129627 1
4131525 2
4163498 1
4188206 4
4188213 3
4188250 2
4188274 1
4188302 4
4188319 1
4188328 4
4188331 3
4188335 1
4188344 2
4188369 3
4188385 4
4188399 3
4188442 4
4188453 2
4188459 1
4188466 1
4188500 4
4188533 2
4188538 1
4188539 3
4188562 2
4188566 4
4188576 1
4188595 2
4188605 3
4188634 2
4188636 4
4188638 1
4188640 2
4188648 1
4188657 1
4188694 1
4188701 3
4188711 2
4188729 4
4188739 4
4188777 3
4188842 2
4188856 4
4188875 3
4188893 4
4188964 2
4188988 3
4188996 4
4189002 1
4189013 3
4189052 1
4189062 3
4189108 3
4189110 2
4189189 2
4189202 1
4189219 4
4189259 4
4189268 2
4189273 3
4189295 1
4189304 2
4189316 1
4189326 1
4189334 1
4189347 3
4189348 1
4189377 3
4189378 2
4189386 2
4189415 4
4189451 2
4189460 3
4189487 3
4189533 1
4189535 4
4189589 2
4189591 1
4189619 1
4189623 2
4189662 2
4189664 4
4189666 4
4189696 1
4189761 1
4189844 2
4189928 3
4189970 1
4190004 4
4190014 2
4190034 2
4190061 3
4190072 3
4190074 4
4190103 4
4190131 4
4190137 4
4190174 2
4190188 1
4190204 1
4190213 4
4190258 4
4190275 1
4190282 4
4190291 1
4190308 4
4190313 4
4190320 2
4190325 4
4190326 1
4190351 1
4190365 4
4190373 2
4190378 2
4190397 4
4190435 3
4190438 2
4190448 3
4190461 4
4190464 2
4190480 4
4190484 4
4190499 2
4190503 4
4190546 3
4190547 3
4190564 2
4190570 3
4190598 4
4190635 2
4190637 3
4190638 2
4190649 2
4190652 3
4190654 3
4190685 3
4190690 1
4190703 2
4190710 2
4190716 3
4190736 2
4190774 4
4190781 2
4190825 1
4190837 3
4190859 2
4190863 2
4190885 4
4190947 2
4190980 1
4190992 3
4191028 2
4191042 1
4191049 1
4191051 3
4191054 2
4191081 4
4191092 2
4191104 2
4191148 4
4191157 3
4191159 1
4191190 1
4191225 2
4191247 2
4191291 3
4191300 2
4191308 4
4191333 2
4191342 4
4191354 3
4191382 2
4191410 1
4191416 4
4191417 2
4191436 3
4191460 4
4191469 3
4191499 1
4191511 4
4191547 3
4191609 3
4191645 3
4191653 3
4191666 1
4191668 1
4191720 4
4191740 2
4191812 4
4191820 2
4191845 3
4191887 3
4191898 2
4191906 1
4191908 3
4191913 3
4191921 2
4191930 2
4192013 4
4192023 3
4192037 4
4192073 4
4192074 4
4192075 1
4192084 3
4192119 1
4192134 3
4192138 2
4192162 2
4192164 1
4192184 1
4192199 1
4192223 2
4192227 4
4192251 3
4192259 4
4192268 1
4192328 3
4192340 4
4192354 1
4192369 1
4192371 3
4192377 4
4192379 1
4192381 3
4192385 2
4192408 1
4192442 3
4192473 3
4192497 1
4192506 4
4192526 3
4192554 3
4192620 3
4192622 4
4192646 3
4192657 1
4192683 3
4192725 2
4192741 2
4192767 1
4192791 2
4192803 3
4192831 4
4192844 3
4192851 4
4192870 2
4192894 2
4192913 2
4192924 1
4192940 3
4192968 3
4193044 3
4193052 2
4193073 4
4193109 4
4193128 4
4193147 2
4193156 2
4193160 4
4193177 2
4193183 4
4193197 4
4193231 3
4193326 2
4193338 3
4193345 1
4193372 3
4193377 2
4193405 1
4193409 1
4193415 3
4193423 3
4193444 3
4193449 4
4193479 3
4193491 2
4193493 1
4193507 1
4193575 4
4193577 2
4193581 1
4193592 3
4193626 1
4193641 1
4193693 3
4193706 2
4193746 3
4193789 1
4193796 1
4193809 1
4193842 3
4193851 1
4193854 4
4193866 2
4193869 3
4193881 4
4193885 3
4193925 1
4193930 2
4193952 2
4193953 2
4194037 4
4194058 4
4194073 3
4194081 4
4194096 2
4194100 4
4194112 4
4194113 4
4194119 1
4194138 1
4194184 2
4194260 1
4194268 1
4194299 3
4217665 38
4223058 4
4226294 1
4252403 32
4256241 2
4266463 1
4277911 4
4292687 2
4307922 1
4311016 1
4311618 1
4333243 2
4427981 2
4439078 1
4445469 1
4445572 1
4452751 4
4491852 1
4556220 1
4562125 1
4595439 2
4603574 1
4603677 1
4624459 2
4627115 1
4634549 2
4639196 1
4660577 1
4674835 1
4677133 1
4751001 9
4753746 1
4767062 3
4816194 2
4817542 1
4870305 1
4877498 1
4906655 3
4910234 2
4922019 4
4931005 7
4931058 1
4931301 2
4931651 1
4931782 2
4932518 1
4954774 1
4970586 2
4979076 1
4981068 1
4993311 8
5000836 1
5144903 1
5186827 1
5187770 1
5201198 3
5207662 1
5232698 1
5239377 67
5257799 1
5284282 1
5314641 2
5405001 1
5435648 1
5454990 2
5493109 1
5500056 4
5540453 1
5551154 2
5555424 1
5573121 4
5593730 1
5609533 1
5611265 1
5684160 4
5685544 5
5698573 1
5708394 1
5731814 2
5754818 1
5755684 4
5769195 1
5776325 1
5797425 2
5809719 1
5827754 2
5835382 4
5837970 2
5842336 1
5846166 1
5866650 1
5871871 1
5873298 4
5876413 2
5877879 2
5910261 5
5916757 1
5925716 1
5937762 3
5994574 1
6000172 1
6036140 1
6040747 2
6041562 2
6096346 2
6101061 1
6147263 1
6160153 1
6173729 1
6189444 2
6199991 2
6223492 1
6236936 1
6280332 2
6361448 1
6518852 2
6521450 1
6526032 4
6528158 4
6571707 1
6575682 6
6591441 4
6620592 1
6642239 5
6648034 1
6649610 2
6658841 1
6668084 2
6669168 1
6716732 1
6718091 2
6719845 1
6755423 6
6759437 1
6761245 1
6782755 2
6792987 1
6831181 1
6857245 1
6861578 161
6879764 1
6887906 1
6900207 2
6901066 3
6907795 1
6949973 2
6955523 8
6971270 1
7060039 1
7060845 1
7106053 2
7131522 1
7222691 1
7255569 3
7299436 1
7326028 2
7336317 1
7355222 1
7417696 1
7422591 2
7449714 1
7458488 2
7475897 1
7488151 1
7488465 1
7507213 2
7507626 1
7523960 1
7525543 2
7581376 3
7599382 3
7604272 1
7606081 1
7613180 1
7620350 1
7657069 1
7661050 1
7683999 5
7726657 1
7730500 9
7749943 1
7753041 1
7757972 1
7764230 1
7791477 1
7791645 3
7791729 4
7829219 1
7887636 1
7890183 4
7987443 1
8021846 6
8030306 3
8060988 1
8089406 1
8099920 1
8137677 2
8153554 1
8213916 1
8220906 2
8225131 1
8226993 1
8255228 2
8266208 1
8373916 4
8382504 4
8382523 4
8382530 2
8382535 2
8382556 2
8382574 2
8382598 3
8382618 2
8382626 1
8382649 3
8382650 1
8382670 1
8382675 3
8382682 2
8382708 3
8382804 3
8382817 4
8382844 1
8382863 3
8382891 3
8382897 3
8382929 2
8382941 4
8382957 1
8382962 4
8382984 1
8383037 3
8383056 4
8383078 3
8383086 3
8383087 4
8383091 4
8383093 4
8383098 2
8383107 2
8383166 3
8383182 4
8383202 4
8383211 3
8383224 2
8383270 1
8383280 1
8383305 3
8383306 2
8383325 3
8383332 3
8383347 2
8383365 2
8383369 1
8383370 4
8383376 2
8383399 1
8383401 1
8383404 4
8383412 3
8383422 1
8383443 4
8383453 2
8383456 4
8383481 2
8383533 2
8383536 2
8383569 1
8383586 3
8383588 4
8383624 3
8383648 2
8383658 3
8383659 1
8383664 2
8383685 4
8383739 2
8383750 1
8383751 4
8383770 4
8383779 2
8383793 1
8383822 2
8383849 2
8383941 1
8383945 3
8383949 3
8383954 4
8383957 2
8384065 1
8384080 1
8384090 4
8384114 4
8384156 2
8384182 4
8384202 2
8384205 2
8384207 4
8384238 3
8384307 1
8384324 3
8384336 4
8384339 2
8384356 4
8384367 4
8384469 4
8384472 1
8384519 2
8384551 1
8384570 4
8384600 4
8384614 3
8384679 1
8384692 4
8384728 4
8384749 4
8384755 4
8384758 2
8384784 4
8384806 3
8384818 1
8384834 1
8384864 3
8384881 2
8384894 3
8384904 2
8384963 1
8384964 2
8384967 2
8385011 2
8385014 1
8385035 4
8385053 2
8385078 4
8385115 1
8385117 2
8385135 1
8385149 2
8385193 4
8385196 2
8385256 3
8385257 3
8385263 4
8385264 1
8385320 4
8385328 2
8385359 4
8385391 4
8385414 2
8385415 4
8385458 2
8385491 4
8385560 1
8385588 2
8385630 2
8385660 1
8385675 1
8385679 4
8385686 1
8385711 2
8385716 1
8385763 1
8385788 1
8385806 4
8385854 1
8385856 1
8385862 4
8385865 1
8385884 2
8385913 1
8385917 2
8385924 3
8385925 3
8385928 2
8385936 3
8385949 1
8385958 2
8386048 3
8386053 2
8386062 4
8386187 2
8386214 1
8386256 4
8386288 1
8386292 2
8386308 1
8386314 1
8386355 1
8386374 4
8386399 1
8386400 3
8386415 1
8386418 2
8386428 2
8386440 3
8386449 4
8386453 4
8386454 4
8386459 2
8386463 3
8386471 2
8386481 2
8386498 3
8386501 2
8386541 2
8386556 1
8386564 1
8386695 1
8386723 1
8386734 4
8386759 1
8386775 2
8386816 2
8386833 3
8386877 2
8386939 4
8386946 4
8386971 1
8387016 1
8387046 4
8387088 4
8387109 4
8387127 4
8387156 1
8387157 1
8387204 4
8387211 2
8387221 4
8387240 2
8387241 3
8387273 2
8387275 4
8387312 4
8387315 4
8387361 2
8387374 2
8387390 1
8387411 3
8387427 3
8387435 4
8387473 4
8387479 3
8387487 3
8387490 1
8387503 1
8387572 1
8387640 3
8387666 2
8387698 4
8387752 1
8387764 2
8387800 3
8387820 4
8387876 4
8387882 2
8387900 4
8387946 1
8388006 1
8388080 4
8388085 2
8388108 4
8388114 2
8388116 1
8388119 2
8388127 2
8388140 1
8388149 4
8388173 1
8388181 4
8388182 4
8388228 3
8388246 1
8388255 3
8388259 3
8388262 4
8388285 3
8388288 1
8388301 2
8388334 4
8388335 1
8388346 2
8388359 3
8388373 1
8388375 2
8388398 1
8388432 1
8388438 2
8388446 4
8388500 3
8388523 2
8388542 3
8388555 3
8388599 4
8408660 4
8471812 1
8491848 2
8494970 4
8495412 1
8511968 1
8546148 1
8546549 3
8565144 1
8597399 1
8607033 1
8656550 1
8665528 1
8679774 1
8724323 1
8729838 1
8762463 1
8828570 2
8848673 5
8863012 3
8906061 3
8949435 1
8954298 2
8969452 2
8985499 1
8989738 4
8996024 1
9095248 1
9105121 1
9119676 4
9154369 2
9158408 3
9159021 1
9162690 1
9168246 1
9278085 1
9293469 2
9293968 1
9318694 1
9333321 1
9338127 1
9340163 1
9347120 2
9388823 1
9390421 2
9421941 5
9449102 2
9464421 4
9547058 1
9554475 1
9581523 1
9630165 2
9644294 2
9677936 3
9682929 3
9696911 4
9719153 6
9752990 2
9761047 1
9809417 1
9819614 2
9888332 2
9888629 2
9921867 1
9966090 1
9982926 1
10003656 1
10104464 1
10156251 1
10170317 1
10195558 1
10239450 1
10290205 2
10321595 1
10374985 1
10384341 6
10390977 1
10419488 2
10420336 3
10449888 1
10451871 1
10454033 4
10530049 4
10530051 7
10530052 3
10530053 3
10530054 9
10537139 3
10539928 1
10541405 1
10659031 1
10662847 1
10664882 2
10703754 1
10719488 1
10862322 1
10879055 1
10892572 1
10947028 1
10947377 1
10963157 1
10963210 1
10984954 1
10998080 1
11015317 1
11028531 1
11039882 1
11063051 1
11094314 4
11112737 6
11120706 1
11121169 2
11141613 1
11150696 2
11182018 1
11184738 2
11248418 1
11249330 1
11272800 1
11307533 2
11350258 1
11370852 2
11371624 3
11380784 1
11442247 3
11448306 1
11451131 1
11501462 1
11515071 1
11526137 1
11561074 1
11568746 1
11588485 1
11670416 1
11780897 2
11924041 1
11953090 10
11962248 1
11962873 2
12081804 1
12118925 1
12138516 1
12139017 4
12176274 2
12186343 1
12217509 1
12229087 1
12275963 2
12278284 1
12303453 1
12327040 1
12335326 3
12343919 5
12371230 1
12430963 1
12477931 1
12494915 1
12576789 2
12576791 1
12576797 1
12576805 3
12576806 1
12576808 1
12576856 3
12576865 2
12576870 1
12576872 1
12576891 3
12576893 1
12576894 1
12576917 1
12576938 1
12576974 1
12577015 3
12577031 4
12577035 1
12577037 1
12577039 2
12577071 4
12577079 4
12577080 4
12577088 4
12577142 2
12577159 1
12577165 4
12577191 2
12577214 2
12577219 1
12577246 4
12577251 3
12577275 2
12577314 2
12577351 4
12577401 3
12577402 4
12577405 3
12577407 3
12577437 4
12577449 1
12577450 3
12577478 4
12577511 1
12577514 3
12577520 3
12577523 3
12577534 4
12577566 3
12577567 4
12577585 2
12577586 4
12577587 1
12577622 1
12577623 4
12577655 1
12577665 2
12577667 1
12577677 4
12577743 1
12577753 1
12577782 4
12577784 2
12577808 2
12577822 1
12577828 2
12577850 1
12577862 4
12577878 4
12577882 4
12577896 4
12577904 1
12577914 3
12577919 2
12577931 2
12577941 2
12577995 1
12578023 3
12578074 4
12578102 1
12578149 3
12578158 1
12578173 2
12578198 1
12578218 1
12578250 2
12578257 4
12578259 1
12578260 1
12578271 2
12578298 3
12578310 2
12578327 3
12578354 4
12578437 2
12578442 2
12578452 3
12578453 3
12578462 1
12578470 3
12578528 1
12578536 4
12578569 2
12578600 4
12578622 1
12578678 4
12578690 4
12578691 4
12578713 1
12578784 2
12578791 1
12578806 1
12578807 1
12578824 2
12578826 4
12578835 2
12578840 2
12578906 2
12578919 4
12578923 4
12578945 4
12578975 4
12579010 2
12579021 1
12579022 4
12579033 2
12579043 2
12579046 1
12579064 3
12579070 3
12579092 3
12579131 1
12579154 1
12579188 4
12579201 3
12579205 1
12579222 1
12579234 4
12579245 2
12579253 4
12579256 1
12579258 3
12579273 2
12579293 2
12579301 4
12579387 4
12579445 3
12579446 1
12579472 4
12579482 1
12579484 4
12579495 4
12579500 4
12579514 1
12579540 2
12579552 2
12579553 1
12579554 1
12579583 3
12579594 2
12579599 3
12579605 3
12579654 2
12579709 2
12579721 4
12579725 1
12579735 1
12579752 4
12579758 2
12579760 4
12579769 1
12579770 3
12579849 1
12579902 4
12579914 4
12579941 2
12579971 2
12579983 4
12579984 2
12579990 4
12579991 1
12579999 1
12580010 2
12580016 4
12580060 4
12580065 2
12580071 1
12580094 1
12580110 3
12580123 3
12580147 3
12580151 3
12580153 1
12580165 2
12580171 2
12580188 3
12580192 3
12580210 4
12580259 2
12580266 3
12580295 1
12580321 2
12580350 1
12580356 3
12580363 3
12580375 3
12580425 3
12580432 4
12580535 1
12580561 2
12580566 1
12580592 3
12580605 2
12580606 3
12580636 3
12580646 2
12580652 4
12580709 3
12580851 3
12580854 2
12580867 3
12580873 1
12580889 3
12580892 3
12580898 3
12580907 1
12580931 3
12580934 2
12580940 2
12580945 4
12580947 2
12580963 2
12580970 3
12580986 1
12581004 1
12581020 1
12581042 1
12581072 1
12581104 4
12581116 3
12581128 4
12581137 2
12581155 2
12581161 1
12581211 4
12581275 4
12581278 2
12581280 4
12581281 2
12581299 1
12581326 3
12581368 4
12581382 2
12581397 2
12581409 1
12581450 1
12581509 4
12581555 3
12581621 3
12581632 4
12581641 3
12581663 2
12581667 2
12581742 2
12581743 2
12581746 3
12581749 2
12581751 1
12581826 4
12581847 4
12581858 4
12581862 4
12581866 3
12581935 3
12581936 4
12581973 1
12581975 3
12582021 3
12582036 1
12582051 4
12582099 2
12582101 1
12582106 2
12582138 1
12582147 4
12582218 1
12582219 1
12582262 2
12582291 2
12582324 4
12582348 2
12582374 1
12582389 1
12582394 3
12582399 4
12582412 2
12582416 2
12582431 3
12582434 1
12582441 2
12582445 1
12582452 2
12582468 1
12582474 3
12582475 2
12582498 2
12582515 3
12582534 2
12582538 1
12582544 1
12582566 3
12582576 2
12582586 4
12582591 2
12582597 2
12582615 1
12582652 1
12582690 4
12582691 1
12582702 1
12582705 1
12582718 2
12582742 4
12582773 4
12582780 4
12582784 4
12582795 4
12582802 3
12582851 2
12582866 2
12582896 1
12582899 1
12595470 1
12610400 2
12631061 1
12643158 1
12643314 1
12668622 1
12719721 1
12779035 1
12788199 1
12789190 1
12878480 1
12883654 8
12931750 6
12942295 1
12956454 1
12976785 3
13033321 2
13080664 3
13091964 1
13094518 1
13169274 1
13177933 1
13225450 1
13247763 3
13297360 1
13298949 1
13314763 1
13376208 1
13412771 2
13453250 2
13464538 1
13482262 1
13611760 2
13630021 4
13848997 1
13880238 2
13896968 1
13974501 2
13993599 3
14139752 1
14155433 2
14265833 1
14310080 2
14335867 1
14357412 2
14369650 2
14385218 2
14421641 1
14494720 4
14668008 2
14845350 1
14893213 1
14990392 1
15056763 1
15061726 1
15151232 4
15232969 1
15243825 19
15270993 1
15287986 1
15337227 1
15368391 1
15371416 1
15457065 1
15458343 1
15460934 1
15465409 1
15547707 1
15580819 1
15620256 1
15642055 1
15684102 1
15685124 1
15690869 1
15720313 1
15796287 1
15838243 4
15849877 1
15859319 1
15874087 1
15877200 6
15907908 2
15939806 2
15989377 2
16011785 3
16059966 2
16064570 1
16084457 1
16452505 1
16454230 1
16478110 1
16565872 1
16698675 2
16723690 3
16738014 1
16755028 1
16762266 1
16771122 4
16771160 3
16771199 3
16771209 3
16771235 2
16771239 1
16771258 1
16771269 3
16771272 4
16771295 2
16771301 2
16771307 4
16771345 3
16771379 2
16771397 4
16771398 3
16771402 3
16771414 1
16771489 3
16771498 2
16771584 3
16771593 3
16771624 2
16771643 1
16771702 1
16771770 4
16771773 3
16771793 3
16771842 1
16771858 3
16771861 3
16771900 1
16771904 4
16771919 3
16771933 3
16771934 1
16771936 1
16771940 2
16771978 2
16771987 2
16772028 2
16772068 3
16772080 4
16772108 3
16772115 1
16772116 2
16772141 1
16772152 2
16772159 3
16772170 1
16772185 2
16772215 2
16772235 4
16772279 3
16772304 1
16772364 3
16772378 4
16772394 2
16772396 3
16772401 4
16772410 4
16772415 1
16772423 1
16772435 2
16772503 3
16772507 3
16772516 1
16772562 1
16772595 3
16772645 3
16772650 2
16772666 3
16772669 2
16772688 4
16772778 4
16772781 4
16772791 4
16772800 3
16772805 2
16772830 3
16772886 2
16772898 1
16772920 4
16773011 1
16773013 1
16773021 4
16773079 3
16773084 4
16773091 2
16773119 1
16773143 4
16773157 1
16773165 4
16773166 2
16773196 3
16773202 4
16773214 1
16773228 4
16773257 4
16773259 4
16773291 1
16773356 3
16773377 1
16773403 1
16773427 4
16773441 1
16773443 1
16773467 4
16773482 3
16773513 4
16773534 2
16773537 1
16773554 4
16773568 3
16773570 3
16773588 3
16773612 1
16773627 4
16773635 1
16773640 3
16773658 3
16773665 2
16773695 2
16773698 3
16773703 1
16773707 1
16773782 1
16773783 3
16773786 3
16773792 1
16773795 1
16773801 4
16773810 1
16773839 1
16773855 1
16773864 2
16773865 2
16773885 4
16773892 1
16773925 3
16773932 1
16773947 3
16773966 3
16773977 1
16773981 1
16773986 1
16773988 4
16774013 3
16774046 2
16774065 3
16774085 2
16774087 4
16774090 2
16774112 2
16774119 1
16774164 4
16774169 1
16774190 2
16774210 4
16774211 1
16774278 3
16774284 4
16774287 2
16774297 4
16774354 2
16774383 3
16774457 3
16774458 3
16774469 2
16774509 4
16774511 3
16774528 2
16774588 3
16774595 4
16774620 4
16774621 1
16774625 3
16774630 2
16774633 4
16774656 4
16774676 4
16774694 4
16774696 2
16774724 2
16774728 4
16774729 2
16774783 4
16774794 4
16774838 1
16774845 1
16774857 2
16774860 1
16774871 2
16774914 4
16774927 1
16774931 2
16774963 2
16774991 1
16775033 1
16775077 3
16775194 4
16775203 2
16775303 1
16775306 1
16775318 1
16775327 2
16775363 4
16775386 2
16775389 3
16775392 2
16775400 1
16775431 4
16775435 3
16775525 3
16775547 2
16775573 2
16775586 1
16775605 1
16775621 2
16775633 2
16775637 2
16775646 4
16775647 4
16775674 3
16775700 1
16775725 4
16775741 1
16775765 3
16775787 4
16775796 3
16775811 2
16775829 4
16775844 1
16775853 4
16775866 3
16775948 3
16775960 2
16775969 4
16775970 4
16775984 2
16776037 2
16776048 2
16776059 3
16776074 2
16776077 1
16776080 2
16776093 2
16776153 2
16776213 1
16776237 3
16776306 4
16776351 2
16776355 4
16776380 3
16776388 1
16776432 2
16776442 4
16776497 1
16776517 2
16776519 3
16776569 2
16776573 2
16776665 4
16776666 3
16776678 1
16776684 1
16776749 2
16776799 4
16776831 4
16776844 3
16776853 1
16776868 1
16776913 2
16776937 3
16776956 2
16776974 3
16776985 1
16776997 4
16777000 4
16777008 4
16777021 4
16777073 3
16777090 3
16777124 3
16777134 3
16777143 3
16777156 2
16777167 1
16777209 3
16783294 1
16824158 1
16913816 1
16941980 1
17031084 1
17038457 1
17280101 1
17317363 1
17428489 3
17436002 3
17524799 4
17668238 1
17714288 1
17715062 1
17736372 3
17747816 2
17851301 1
17872231 1
17947391 1
17965665 2
18037732 1
18049127 1
18348460 3
18384789 4
18406401 2
18449039 1
18450448 1
18655091 9
18670231 8
18760878 1
18768469 4
18842204 1
18883065 2
18934857 1
18935181 1
18952702 2
18958611 1
18985662 2
18989703 8
19051475 2
19147301 1
19172791 4
19261836 1
19276634 1
19280671 1
19325011 1
19345838 1
19357855 1
19410436 1
19449886 2
19541601 1
19687729 3
19778993 2
19798908 1
19805509 1
19852544 4
19975497 1
20007310 1
20051686 1
20053344 1
20059836 1
20091172 4
20127412 1
20175677 1
20224528 1
20282194 1
20296820 2
20297668 1
20379310 2
20404371 2
20413930 1
20468835 3
20492634 3
20586657 15
20590146 3
20651362 1
20828299 1
20898976 4
20937459 1
20960910 9
20965405 2
20965412 4
20965426 4
20965429 4
20965463 3
20965506 3
20965543 2
20965560 3
20965569 2
20965572 1
20965578 2
20965592 1
20965599 1
20965602 4
20965629 1
20965642 4
20965650 1
20965695 1
20965751 4
20965753 3
20965756 4
20965761 2
20965768 2
20965772 4
20965773 4
20965778 2
20965813 4
20965823 1
20965831 1
20965841 2
20965871 3
20965889 3
20965899 2
20965908 2
20965927 2
20965953 1
20965977 3
20966012 3
20966018 4
20966034 4
20966040 3
20966041 2
20966052 3
20966095 4
20966102 4
20966120 4
20966122 3
20966132 3
20966148 2
20966150 4
20966172 1
20966197 1
20966210 4
20966223 3
20966233 1
20966241 4
20966250 2
20966296 1
20966300 1
20966319 4
20966324 2
20966336 1
20966340 4
20966357 4
20966380 1
20966384 1
20966417 3
20966423 2
20966431 2
20966459 2
20966491 4
20966497 3
20966529 4
20966538 2
20966573 1
20966603 1
20966611 3
20966614 2
20966664 2
20966686 3
20966708 1
20966711 4
20966718 4
20966731 1
20966736 2
20966820 3
20966823 2
20966825 4
20966826 4
20966843 1
20966884 4
20966889 3
20966892 3
20966911 4
20966937 4
20966970 4
20966972 4
20966981 4
20967020 3
20967025 4
20967033 4
20967068 2
20967102 3
20967128 2
20967138 2
20967221 3
20967230 4
20967234 4
20967237 1
20967238 4
20967252 3
20967256 4
20967262 1
20967266 2
20967323 4
20967325 1
20967339 4
20967344 3
20967352 2
20967369 1
20967397 2
20967470 3
20967471 2
20967478 4
20967504 4
20967508 2
20967520 2
20967574 4
20967592 2
20967598 2
20967640 3
20967678 4
20967679 4
20967684 1
20967692 4
20967752 3
20967756 3
20967762 1
20967787 4
20967844 1
20967887 4
20967897 3
20967901 1
20967909 3
20967930 2
20967935 4
20967963 2
20967980 1
20967990 2
20967995 3
20968028 4
20968039 1
20968137 1
20968150 2
20968155 3
20968172 4
20968173 2
20968196 2
20968198 1
20968203 1
20968205 4
20968224 1
20968286 2
20968315 1
20968338 1
20968372 1
20968378 3
20968387 1
20968389 2
20968398 1
20968407 2
20968428 1
20968436 1
20968443 2
20968468 2
20968486 2
20968496 1
20968505 1
20968520 2
20968573 1
20968583 4
20968607 4
20968661 1
20968688 2
20968701 3
20968708 3
20968710 3
20968719 2
20968734 1
20968736 4
20968747 2
20968773 3
20968814 2
20968816 4
20968870 2
20968925 3
20969107 3
20969129 3
20969132 3
20969174 2
20969175 4
20969185 1
20969215 1
20969235 1
20969280 3
20969299 2
20969391 4
20969425 2
20969437 4
20969440 3
20969470 3
20969486 1
20969488 2
20969492 2
20969510 4
20969539 1
20969563 1
20969600 1
20969708 4
20969750 1
20969757 1
20969761 4
20969831 3
20969835 1
20969844 3
20969858 2
20969894 3
20969900 1
20969948 3
20969956 1
20969960 3
20970003 4
20970038 3
20970059 4
20970094 1
20970123 2
20970145 4
20970154 2
20970165 2
20970166 3
20970191 3
20970214 2
20970222 3
20970224 2
20970239 3
20970255 2
20970278 1
20970286 3
20970349 4
20970373 3
20970386 4
20970387 1
20970396 4
20970424 3
20970459 2
20970506 2
20970523 4
20970541 1
20970585 3
20970614 3
20970615 4
20970637 2
20970641 2
20970644 1
20970652 1
20970684 4
20970707 4
20970735 3
20970746 1
20970790 2
20970793 4
20970800 3
20970805 3
20970841 1
20970864 4
20970877 4
20970893 2
20970942 1
20970944 2
20971022 4
20971023 3
20971032 4
20971035 1
20971057 3
20971082 3
20971085 2
20971106 4
20971115 4
20971137 3
20971148 1
20971154 4
20971177 3
20971189 1
20971212 2
20971240 4
20971242 3
20971251 1
20971283 4
20971358 3
20971364 1
20971367 2
20971421 4
20971488 1
20971496 4
21005092 1
21071780 1
21098942 2
21189576 7
21193165 1
21266338 3
21350474 2
21461149 4
21494511 2
21531764 1
21599641 3
21663773 5
21674341 2
21674343 1
21731712 4
21748804 1
21754381 5
21766243 2
21769016 1
21777295 1
21797770 1
21860675 1
21891532 7
21923033 1
21943737 1
22103332 1
22110222 1
22118741 2
22135197 1
22146908 1
22151240 1
22203778 1
22246819 1
22248421 1
22379018 1
22451121 1
22529358 1
22570146 7
22581282 1
22618044 1
22663356 1
22774406 3
22802639 1
22830413 1
22842767 1
22949368 2
22949433 1
23015014 1
23063207 1
23097313 1
23134659 3
23348195 1
23456179 1
23460331 1
23548472 1
23552267 1
23554624 2
23562341 1
23620826 2
23623868 1
23657851 1
23667534 1
23684399 5
23818161 1
23851194 1
23865938 2
23887068 1
23931819 1
23933638 1
24000848 3
24133890 2
24140307 1
24300983 1
24363188 1
24388177 2
24410680 2
24433456 1
24472473 1
24488811 1
24593991 5
24681185 2
24786351 2
24870275 1
24920135 2
24929738 1
24970597 1
25011430 1
25042299 3
25071604 1
25072533 1
25113481 2
25145020 1
25159733 1
25159780 2
25159793 2
25159794 2
25159811 1
25159813 4
25159816 1
25159874 3
25159879 3
25159885 2
25159893 3
25159952 1
25159955 4
25159960 2
25159979 3
25159986 4
25160066 3
25160087 3
25160098 4
25160115 3
25160132 3
25160146 2
25160149 1
25160173 2
25160180 4
25160181 1
25160215 2
25160232 4
25160252 4
25160268 1
25160302 3
25160307 1
25160321 3
25160327 3
25160340 1
25160342 4
25160344 4
25160345 2
25160365 2
25160368 2
25160373 4
25160397 3
25160460 3
25160465 2
25160480 4
25160485 3
25160510 2
25160518 4
25160564 3
25160592 1
25160617 3
25160631 3
25160634 2
25160690 3
25160715 3
25160719 2
25160725 4
25160757 4
25160787 1
25160799 2
25160813 3
25160821 1
25160849 3
25160861 2
25160869 1
25160986 1
25160992 2
25161010 1
25161027 2
25161079 3
25161113 4
25161120 2
25161121 1
25161131 3
25161143 2
25161145 1
25161146 3
25161160 1
25161184 3
25161207 1
25161210 2
25161232 3
25161233 4
25161234 1
25161248 2
25161274 4
25161282 4
25161296 2
25161322 4
25161335 4
25161350 2
25161398 4
25161433 4
25161438 3
25161471 3
25161475 2
25161501 4
25161529 3
25161562 3
25161573 4
25161588 3
25161601 4
25161602 4
25161618 3
25161636 4
25161663 4
25161665 2
25161680 4
25161696 4
25161711 1
25161734 2
25161742 2
25161799 4
25161814 3
25161823 3
25161875 3
25161881 3
25161887 4
25161890 4
25161892 3
25161900 4
25161952 1
25161962 4
25161982 1
25161986 4
25161998 2
25162000 1
25162014 1
25162015 1
25162018 2
25162039 4
25162051 4
25162072 1
25162074 1
25162090 4
25162114 1
25162128 2
25162143 4
25162145 4
25162157 1
25162237 4
25162260 1
25162264 4
25162301 1
25162310 1
25162317 4
25162346 3
25162379 3
25162392 3
25162413 4
25162424 2
25162425 1
25162498 2
25162504 4
25162536 2
25162541 4
25162547 1
25162552 1
25162559 4
25162566 3
25162620 1
25162635 4
25162638 2
25162644 1
25162649 1
25162679 1
25162686 3
25162695 2
25162721 1
25162744 1
25162756 3
25162800 4
25162806 1
25162824 2
25162826 4
25162840 4
25162872 2
25162892 1
25162932 1
25162962 4
25162966 4
25162967 3
25162992 3
25163003 3
25163047 4
25163050 4
25163088 4
25163097 2
25163102 1
25163136 1
25163148 2
25163152 3
25163153 1
25163189 1
25163199 1
25163210 1
25163329 4
25163332 3
25163351 3
25163352 4
25163386 1
25163444 1
25163518 1
25163573 2
25163580 3
25163617 1
25163630 4
25163651 3
25163669 3
25163693 3
25163701 1
25163712 3
25163739 4
25163746 1
25163750 3
25163770 1
25163771 3
25163793 4
25163840 3
25163845 2
25163862 1
25163928 2
25163934 1
25163950 4
25163972 2
25164028 3
25164030 3
25164062 1
25164103 1
25164118 1
25164162 4
25164245 1
25164275 4
25164280 2
25164324 3
25164338 4
25164371 1
25164390 3
25164417 1
25164419 2
25164420 4
25164424 3
25164458 3
25164465 4
25164484 4
25164503 1
25164541 3
25164568 1
25164573 1
25164601 2
25164604 1
25164663 2
25164679 3
25164703 3
25164714 1
25164718 3
25164745 3
25164754 3
25164766 4
25164825 4
25164881 1
25164887 3
25164896 3
25164909 2
25164943 3
25164947 2
25164982 3
25164994 4
25165060 4
25165093 3
25165149 3
25165194 4
25165203 1
25165240 3
25165311 3
25165317 1
25165328 3
25165362 1
25165385 4
25165401 3
25165419 2
25165452 1
25165481 1
25165512 3
25165530 3
25165539 4
25165548 1
25165553 3
25165568 2
25165577 1
25165616 4
25165623 3
25165634 3
25165647 2
25165655 4
25165663 1
25165664 3
25165780 2
25165812 4
25225101 2
25270115 2
25270592 5
25359395 1
25373088 4
25379607 2
25389386 2
25472114 3
25491585 1
25502745 1
25506562 4
25544315 1
25612146 2
25613320 1
25658131 32
25680416 1
25759369 2
25853264 2
25997241 1
26141486 4
26157272 3
26176131 1
26192125 1
26193311 1
26203772 1
26217151 1
26265907 29
26307736 1
26319180 1
26335834 1
26402928 1
26518872 1
26523088 1
26772154 1
26784082 1
26866090 2
26984195 1
27025226 6
27074252 1
27343349 1
27365957 1
27376427 1
27397002 2
27404915 1
27452839 1
27547393 1
27559743 1
27573077 3
27643025 2
27658800 1
27814287 3
27987178 4
27987924 1
28016018 2
28038104 7
28086863 1
28161622 2
28184494 1
28189065 1
28204993 1
28211449 1
28225242 1
28234236 2
28235637 2
28264925 6
28343087 4
28518937 2
28699803 3
28755850 1
28798649 1
28800132 1
28963115 1
28967817 2
29046620 8
29087667 3
29354028 4
29354047 4
29354053 1
29354097 1
29354120 2
29354143 2
29354151 3
29354182 2
29354193 3
29354215 3
29354234 2
29354287 2
29354299 4
29354301 2
29354311 1
29354330 2
29354332 3
29354343 1
29354386 4
29354387 2
29354401 3
29354420 2
29354461 1
29354471 2
29354513 4
29354526 1
29354529 2
29354541 4
29354552 4
29354555 4
29354585 3
29354602 2
29354605 2
29354613 2
29354655 2
29354698 4
29354710 2
29354719 2
29354777 3
29354793 1
29354811 3
29354821 1
29354837 1
29354873 1
29354889 3
29354891 3
29354901 4
29354935 1
29354981 1
29355022 4
29355035 3
29355041 2
29355048 3
29355075 2
29355126 2
29355129 2
29355134 3
29355144 1
29355145 3
29355149 2
29355189 4
29355205 3
29355214 4
29355300 1
29355306 4
29355311 4
29355331 1
29355342 3
29355373 2
29355384 4
29355435 4
29355445 4
29355477 2
29355518 1
29355529 3
29355536 4
29355593 2
29355597 2
29355600 3
29355617 2
29355621 4
29355655 2
29355661 3
29355664 4
29355665 4
29355685 1
29355697 4
29355775 3
29355788 1
29355795 1
29355799 3
29355804 2
29355815 1
29355910 2
29355965 2
29355975 3
29356011 1
29356017 3
29356019 2
29356038 2
29356060 2
29356074 2
29356099 1
29356101 4
29356104 2
29356113 2
29356120 2
29356124 3
29356130 4
29356134 2
29356138 2
29356148 2
29356172 4
29356194 2
29356217 1
29356218 4
29356236 1
29356243 2
29356250 3
29356259 1
29356277 1
29356278 3
29356353 2
29356358 2
29356363 1
29356367 3
29356369 4
29356384 2
29356406 4
29356441 4
29356452 3
29356533 4
29356536 2
29356544 4
29356560 1
29356596 2
29356604 1
29356619 3
29356660 1
29356674 4
29356677 1
29356714 1
29356724 2
29356727 2
29356742 2
29356747 1
29356760 1
29356761 2
29356765 4
29356768 2
29356783 3
29356786 4
29356900 4
29356904 2
29356925 2
29356926 3
29356969 1
29357028 1
29357029 4
29357046 2
29357047 2
29357057 2
29357082 3
29357108 4
29357121 2
29357123 1
29357125 2
29357143 2
29357154 4
29357200 4
29357212 4
29357248 1
29357253 3
29357277 3
29357278 1
29357284 4
29357300 4
29357317 4
29357386 4
29357387 2
29357402 1
29357453 3
29357489 4
29357510 2
29357544 2
29357563 3
29357622 2
29357625 4
29357627 1
29357650 4
29357720 1
29357751 2
29357775 2
29357796 1
29357817 1
29357825 3
29357860 1
29357866 3
29357907 1
29357911 3
29357914 2
29357941 1
29357970 1
29357993 1
29358006 2
29358007 4
29358014 3
29358087 2
29358113 1
29358129 1
29358139 1
29358220 3
29358223 1
29358246 3
29358248 4
29358267 1
29358282 3
29358295 2
29358298 4
29358316 3
29358333 1
29358335 4
29358339 2
29358361 3
29358384 4
29358401 2
29358409 3
29358417 2
29358428 2
29358440 1
29358512 2
29358523 1
29358546 4
29358586 1
29358665 4
29358683 2
29358692 2
29358708 2
29358738 4
29358753 4
29358759 2
29358770 2
29358791 2
29358878 4
29358902 1
29358907 4
29358915 2
29358950 4
29358954 1
29358978 4
29358999 1
29359011 3
29359056 3
29359134 1
29359166 4
29359218 3
29359223 3
29359224 2
29359230 3
29359247 4
29359312 1
29359314 1
29359325 1
29359347 4
29359391 4
29359395 4
29359405 3
29359411 2
29359414 3
29359424 1
29359482 3
29359511 1
29359523 1
29359538 2
29359590 2
29359617 4
29359648 2
29359667 2
29359696 2
29359734 2
29359748 4
29359751 2
29359761 2
29359806 3
29359828 4
29359838 1
29359859 4
29359867 4
29359900 1
29359930 2
29359939 2
29359947 3
29359952 4
29359963 1
29359965 3
29360000 3
29360003 4
29360004 4
29360019 1
29360027 1
29360036 2
29360058 4
29360062 3
29360083 3
29360088 2
29360127 4
29374497 1
29504759 2
29689175 1
29728782 2
29908866 1
29909823 1
29932401 1
30033585 1
30054435 6
30184735 2
30273319 1
30325573 2
30351023 1
30358576 2
30481482 1
30524169 1
30587423 1
30596050 1
30684621 2
30751792 1
30751929 1
30837533 1
30871177 1
30872308 1
30873869 1
30880905 1
30936121 1
30965055 1
31046125 1
31069981 1
31121521 3
31131711 1
31144412 2
31192259 1
31290804 4
31397567 1
31479114 5
31513691 5
31549088 1
31571052 1
31582696 1
31598279 1
31613602 1
31613877 1
31622312 4
31739025 1
31769633 1
31904080 4
31933717 1
31964944 3
32068278 1
32096418 1
32146381 10
32154125 1
32220477 1
32297622 2
32297876 3
32323173 1
32325414 2
32338512 1
32432145 2
32504373 2
32504713 1
32681880 3
32717999 1
32797117 1
32817772 1
32959075 1
32967337 1
32996028 1
33026753 3
33029735 1
33039992 1
33042770 1
33076602 1
33106364 1
33107456 1
33139277 2
33149260 1
33151247 2
33154345 3
33161016 2
33181235 10
33251782 1
33262278 1
33268482 1
33276979 1
33280653 3
33376439 1
33390234 1
33457759 1
33465416 1
33548361 1
33548362 3
33548399 3
33548418 4
33548424 1
33548429 3
33548455 1
33548484 4
33548534 2
33548552 3
33548582 2
33548595 1
33548596 4
33548612 4
33548617 1
33548635 2
33548638 2
33548646 4
33548651 4
33548658 1
33548670 4
33548682 1
33548703 4
33548709 4
33548769 3
33548780 3
33548810 2
33548820 1
33548870 3
33548889 4
33548896 4
33548901 1
33548922 3
33548925 2
33548960 1
33548967 4
33549014 4
33549045 2
33549070 1
33549088 4
33549105 2
33549111 1
33549112 4
33549117 4
33549149 1
33549155 1
33549157 4
33549159 2
33549192 3
33549195 1
33549222 3
33549235 4
33549245 1
33549281 4
33549285 2
33549289 2
33549291 3
33549298 2
33549338 3
33549341 4
33549354 3
33549386 4
33549459 3
33549465 4
33549487 1
33549494 2
33549506 3
33549516 4
33549527 3
33549590 3
33549594 2
33549603 2
33549664 2
33549684 2
33549700 2
33549743 4
33549763 2
33549768 3
33549830 3
33549836 3
33549849 3
33549899 4
33549902 2
33549916 3
33549919 4
33549931 4
33549992 2
33550056 1
33550089 4
33550093 4
33550099 4
33550155 3
33550161 2
33550180 4
33550193 4
33550228 4
33550236 3
33550244 3
33550294 2
33550312 1
33550318 4
33550328 3
33550339 3
33550371 4
33550397 2
33550455 3
33550461 3
33550472 4
33550475 3
33550483 4
33550487 1
33550519 2
33550525 3
33550529 4
33550576 2
33550584 1
33550615 3
33550617 2
33550632 4
33550634 3
33550643 1
33550644 3
33550668 3
33550683 2
33550714 3
33550721 1
33550736 1
33550757 2
33550776 2
33550784 2
33550788 2
33550799 2
33550810 2
33550816 2
33550826 1
33550833 2
33550838 3
33550843 4
33550854 1
33550872 3
33550897 3
33550922 2
33550923 3
33550926 1
33550938 1
33550974 2
33550976 4
33550993 4
33551001 4
33551014 1
33551024 1
33551045 2
33551064 1
33551076 2
33551082 4
33551099 4
33551164 3
33551180 2
33551238 3
33551239 1
33551249 2
33551264 2
33551327 2
33551330 3
33551335 4
33551336 2
33551350 1
33551361 1
33551364 2
33551368 4
33551379 3
33551384 3
33551387 2
33551425 2
33551458 3
33551462 4
33551470 3
33551487 4
33551499 3
33551505 1
33551509 3
33551554 3
33551566 1
33551573 2
33551609 1
33551657 3
33551700 1
33551713 2
33551714 4
33551755 2
33551784 3
33551786 4
33551832 2
33551835 3
33551838 1
33551846 3
33551872 2
33551886 1
33551916 3
33551931 3
33551937 1
33551966 3
33551986 3
33552005 1
33552007 2
33552031 1
33552032 3
33552034 1
33552058 1
33552065 1
33552083 2
33552085 1
33552131 2
33552142 2
33552153 1
33552179 3
33552205 1
33552212 4
33552226 2
33552244 2
33552277 4
33552295 1
33552298 1
33552309 3
33552335 3
33552389 4
33552408 3
33552422 2
33552435 3
33552474 2
33552508 3
33552522 4
33552540 4
33552547 2
33552557 2
33552562 2
33552583 2
33552592 2
33552608 2
33552610 2
33552628 3
33552659 2
33552689 2
33552692 4
33552696 4
33552714 4
33552721 1
33552786 1
33552810 3
33552823 3
33552833 4
33552856 3
33552860 3
33552864 3
33552902 2
33552936 1
33552937 1
33553007 1
33553025 3
33553057 2
33553078 3
33553094 3
33553115 2
33553117 1
33553140 1
33553169 2
33553172 3
33553193 2
33553203 1
33553212 1
33553227 1
33553240 2
33553262 2
33553264 4
33553294 1
33553306 1
33553318 2
33553329 1
33553339 1
33553355 1
33553364 2
33553400 3
33553402 2
33553416 1
33553418 3
33553436 3
33553437 2
33553438 3
33553451 2
33553471 3
33553475 4
33553479 1
33553486 3
33553493 1
33553526 1
33553537 1
33553551 2
33553553 2
33553598 2
33553636 3
33553646 4
33553660 1
33553716 3
33553730 3
33553747 3
33553761 3
33553778 2
33553791 2
33553815 1
33553863 2
33553869 3
33553873 1
33553903 2
33553906 1
33553911 4
33553913 1
33553920 4
33553922 2
33553951 1
33553957 3
33553959 2
33554008 4
33554013 3
33554023 1
33554026 3
33554137 1
33554156 4
33554158 3
33554244 4
33554288 4
33554313 2
33554319 1
33554338 1
33554353 3
33554357 1
33554389 4
33554405 4
33554421 4
33619299 6
33642128 1
33660804 1
33691233 1
33739760 1
33785725 1
33789988 4
33844732 2
33873400 1
33978185 1
34026082 1
34028682 1
34168603 1
34173348 2
34299369 1
34370656 1
34482216 1
34554509 4
34585482 1
34681310 6
34686344 1
34882925 1
34910472 1
34913928 1
34927751 1
34937842 1
34988616 1
35012385 1
35043626 3
35061460 1
35118873 1
35186026 1
35206176 2
35256729 1
35270728 1
35275998 1
35369515 1
35497289 1
35542781 2
35628119 1
35667643 1
35908008 1
35950530 2
35981249 2
36136272 1
36183311 1
36207969 1
36219413 1
36284262 1
36288430 1
36363262 3
36507076 2
36534040 1
36567184 1
36625079 1
36695769 1
36699351 1
36798578 1
36801320 6
36802488 4
36806495 4
36823998 5
36918491 2
36955428 1
36961577 4
37010777 1
37058699 3
37118655 1
37139448 1
37374024 1
37494676 7
37496287 1
37538310 1
37539175 1
37571937 1
37587756 2
37632347 3
37720633 1
37742621 3
37742634 3
37742653 4
37742674 4
37742676 4
37742693 1
37742706 2
37742728 3
37742730 2
37742756 2
37742770 3
37742782 1
37742806 3
37742816 1
37742831 2
37742838 4
37742839 2
37742852 3
37742898 1
37742926 2
37742937 4
37742999 3
37743032 1
37743047 2
37743055 1
37743113 3
37743141 2
37743147 3
37743168 3
37743196 3
37743223 3
37743231 3
37743233 2
37743242 1
37743265 4
37743271 1
37743276 3
37743285 1
37743292 2
37743302 3
37743315 2
37743341 4
37743359 2
37743455 3
37743462 3
37743470 1
37743533 2
37743575 3
37743583 2
37743619 4
37743640 3
37743649 4
37743694 2
37743716 4
37743722 4
37743725 2
37743772 4
37743774 4
37743796 1
37743804 3
37743830 2
37743840 3
37743845 1
37743870 3
37743878 3
37743884 1
37743904 3
37743931 3
37743935 4
37743965 1
37743975 2
37744017 4
37744035 4
37744039 1
37744047 3
37744048 1
37744067 3
37744076 4
37744109 1
37744132 2
37744176 3
37744193 2
37744209 4
37744214 1
37744224 3
37744230 3
37744238 4
37744249 1
37744270 1
37744283 2
37744312 2
37744349 4
37744374 1
37744377 4
37744417 2
37744431 4
37744460 4
37744534 2
37744556 2
37744558 3
37744565 4
37744568 1
37744584 4
37744586 4
37744596 4
37744623 3
37744638 3
37744642 1
37744657 1
37744700 4
37744732 4
37744771 4
37744811 1
37744827 1
37744838 2
37744862 3
37744878 4
37744907 4
37744922 4
37744929 3
37744964 3
37744965 3
37745002 2
37745019 1
37745039 2
37745061 1
37745064 3
37745090 3
37745098 3
37745101 2
37745165 4
37745167 3
37745181 3
37745189 4
37745219 4
37745222 4
37745224 3
37745234 3
37745284 3
37745291 4
37745296 4
37745315 1
37745375 1
37745413 1
37745436 3
37745440 2
37745463 2
37745479 2
37745523 1
37745571 2
37745593 1
37745596 3
37745603 2
37745633 1
37745634 3
37745660 2
37745665 4
37745694 2
37745709 2
37745717 3
37745732 1
37745744 2
37745760 4
37745813 1
37745825 4
37745828 3
37745834 4
37745893 4
37745915 2
37745929 2
37745931 1
37745947 4
37745957 3
37745958 4
37745960 3
37745966 1
37746009 1
37746024 3
37746025 2
37746042 1
37746044 1
37746046 4
37746047 3
37746052 3
37746054 4
37746110 4
37746137 1
37746143 4
37746147 3
37746197 3
37746206 3
37746208 3
37746234 2
37746240 3
37746245 3
37746257 3
37746265 2
37746287 3
37746305 1
37746317 4
37746369 2
37746400 4
37746408 4
37746417 1
37746424 4
37746439 2
37746444 1
37746445 2
37746457 4
37746487 4
37746503 4
37746522 2
37746541 3
37746551 2
37746554 1
37746619 4
37746625 3
37746626 1
37746654 3
37746655 3
37746667 3
37746682 2
37746685 4
37746751 3
37746760 3
37746791 3
37746792 1
37746794 4
37746816 4
37746839 3
37746866 1
37746871 4
37746878 2
37746890 4
37746923 1
37746928 1
37746933 2
37746979 4
37746986 4
37747024 4
37747032 4
37747082 1
37747088 1
37747090 4
37747098 1
37747202 3
37747205 4
37747274 4
37747277 3
37747293 2
37747314 2
37747323 4
37747324 4
37747329 4
37747362 3
37747369 4
37747372 2
37747391 2
37747413 3
37747424 2
37747434 3
37747468 4
37747472 1
37747476 4
37747502 3
37747509 3
37747513 2
37747584 1
37747640 4
37747671 3
37747673 4
37747678 2
37747681 4
37747763 4
37747845 1
37747871 2
37747874 1
37747892 3
37747914 2
37748025 4
37748049 3
37748086 3
37748087 4
37748091 2
37748093 1
37748106 2
37748120 1
37748142 1
37748163 3
37748175 2
37748194 3
37748204 3
37748208 3
37748212 1
37748219 4
37748242 1
37748262 1
37748265 4
37748296 1
37748344 2
37748372 3
37748423 2
37748430 1
37748448 3
37748471 1
37748531 3
37748540 4
37748556 2
37748564 4
37748572 4
37748580 3
37748598 1
37748621 2
37748625 3
37748631 2
37748644 2
37748646 1
37748651 2
37748659 3
37748707 4
37748715 2
37748717 1
37748733 4
37773284 7
37780903 3
37836434 20
37897147 1
37917851 2
37969715 4
37997438 1
38082219 2
38105469 1
38132561 1
38221308 1
38238579 2
38305671 1
38307144 1
38317909 1
38340525 5
38365271 1
38403581 1
38522027 2
38572944 2
38585441 1
38615470 1
38762176 1
38876122 1
38889807 2
38899842 1
38927316 2
39047840 10
39065638 1
39109150 1
39235307 4
39239941 1
39358091 1
39400563 1
39465925 1
39532430 39
39563304 2
39577010 1
39583599 2
39659651 1
39774740 1
39819767 1
39819841 5
39937294 3
39954391 1
39971821 21
40007287 2
40014599 3
40179339 1
40268398 1
40422190 2
40448383 2
40491697 1
40527776 1
40557281 2
40610627 2
40640966 1
40668055 1
40723233 2
40764912 2
40799163 1
40822203 2
40822992 4
40884065 4
40902033 1
40928904 2
41052136 3
41057797 4
41060650 4
41122813 1
41285395 1
41377468 1
41485666 1
41597458 6
41612659 2
41628149 1
41773193 1
41826966 3
41829524 1
41850809 4
41862434 2
41868873 1
41936935 2
41936962 2
41936971 4
41937006 1
41937008 2
41937016 4
41937067 2
41937074 1
41937093 2
41937153 4
41937178 2
41937183 3
41937190 1
41937194 3
41937232 4
41937234 2
41937241 4
41937262 1
41937263 3
41937273 1
41937277 2
41937282 2
41937315 2
41937320 4
41937328 2
41937348 3
41937373 3
41937410 3
41937442 2
41937462 3
41937465 1
41937476 2
41937499 1
41937502 1
41937512 4
41937558 4
41937585 4
41937597 4
41937619 2
41937684 3
41937691 2
41937750 2
41937753 4
41937763 4
41937765 1
41937773 2
41937863 2
41937872 1
41937899 3
41937901 1
41937907 4
41937915 4
41937947 1
41937958 4
41937967 3
41937974 3
41938011 1
41938015 1
41938056 3
41938090 4
41938098 3
41938119 4
41938137 2
41938139 2
41938155 2
41938248 3
41938249 4
41938253 4
41938290 4
41938301 1
41938306 1
41938345 2
41938358 1
41938365 2
41938372 3
41938381 2
41938420 2
41938441 3
41938466 2
41938480 4
41938498 2
41938547 4
41938550 2
41938556 4
41938578 3
41938600 4
41938613 2
41938627 4
41938646 4
41938720 3
41938753 2
41938757 3
41938773 2
41938778 1
41938783 3
41938791 2
41938810 3
41938876 1
41938889 4
41938896 1
41938901 4
41938904 2
41938916 3
41938934 3
41938936 2
41938949 1
41938973 1
41939001 1
41939023 2
41939053 3
41939104 2
41939131 3
41939169 4
41939205 1
41939207 2
41939213 1
41939281 4
41939325 3
41939477 4
41939489 4
41939536 3
41939539 3
41939568 2
41939582 3
41939591 3
41939610 3
41939615 3
41939616 1
41939636 4
41939637 2
41939657 4
41939673 2
41939710 2
41939717 4
41939740 2
41939743 2
41939746 2
41939772 1
41939794 4
41939819 4
41939873 3
41939913 1
41939926 4
41939934 4
41939940 2
41939949 3
41939952 2
41939974 4
41939987 3
41939996 4
41939999 4
41940020 3
41940056 1
41940121 2
41940136 1
41940138 3
41940159 2
41940233 2
41940275 2
41940283 4
41940316 3
41940325 1
41940336 1
41940379 4
41940392 3
41940400 4
41940402 4
41940405 1
41940427 4
41940428 1
41940439 3
41940443 3
41940465 4
41940473 1
41940487 3
41940494 3
41940513 2
41940532 3
41940535 3
41940537 3
41940595 2
41940638 3
41940643 4
41940657 1
41940677 1
41940679 4
41940680 3
41940701 3
41940720 4
41940737 4
41940738 3
41940747 1
41940754 3
41940760 1
41940774 4
41940787 2
41940792 3
41940842 4
41940857 4
41940858 4
41940884 4
41940888 2
41940904 4
41940935 4
41941017 1
41941060 2
41941061 1
41941114 1
41941149 4
41941167 1
41941171 1
41941184 2
41941190 4
41941197 4
41941211 2
41941235 3
41941237 1
41941247 4
41941259 3
41941269 2
41941270 2
41941287 1
41941291 3
41941332 1
41941365 1
41941400 1
41941413 1
41941417 1
41941445 3
41941450 3
41941458 2
41941514 3
41941583 3
41941595 3
41941609 4
41941682 4
41941699 1
41941715 4
41941730 4
41941734 1
41941742 3
41941744 2
41941768 2
41941771 4
41941797 3
41941811 3
41941855 1
41941874 1
41941908 2
41941918 4
41941940 2
41941970 3
41941993 2
41942020 1
41942032 2
41942047 3
41942062 3
41942084 3
41942096 3
41942106 2
41942107 1
41942137 3
41942152 4
41942158 3
41942163 4
41942198 4
41942204 1
41942237 4
41942267 3
41942273 1
41942274 1
41942287 4
41942289 3
41942293 3
41942300 2
41942302 4
41942304 3
41942310 1
41942318 2
41942355 2
41942415 3
41942544 1
41942552 4
41942580 2
41942607 3
41942613 4
41942614 2
41942654 1
41942718 3
41942737 2
41942777 1
41942790 4
41942827 3
41942830 2
41942845 3
41942846 3
41942922 4
41942933 4
41942943 4
41942979 3
41942990 4
41943010 1
41943011 1
41943028 3
41982848 4
42007775 1
42017814 1
42026705 4
42059114 1
42110447 2
42176006 12
42188340 2
42293254 2
42316842 5
42390574 1
42539708 1
42631480 2
42640924 1
42681104 2
42955964 2
43057914 8
43137489 1
43181411 2
43181483 1
43255437 1
43258019 4
43265361 3
43295257 3
43330609 3
43331629 4
43415270 4
43557696 1
43585790 3
43613365 3
43667908 4
43703112 4
43785349 1
44011161 1
44011343 1
44112580 16
44157407 1
44165090 1
44179671 3
44271989 3
44348411 2
44442890 30
44471088 1
44486544 2
44509415 1
44510115 1
44542830 3
44557279 4
44561741 1
44604919 3
44618476 4
44654711 2
44685353 1
44746124 1
44766804 1
44811918 3
44875313 3
44929239 1
44955663 1
44955694 1
45016182 4
45016456 1
45053237 2
45066556 2
45119785 8
45150128 1
45155624 4
45240966 1
45254741 5
45260677 1
45302588 1
45389949 1
45424691 1
45510070 5
45628623 2
45645211 1
45693375 1
45695299 2
45702057 1
45850181 4
46131238 2
46131245 4
46131300 3
46131302 3
46131340 1
46131346 4
46131352 2
46131370 4
46131385 4
46131404 2
46131414 3
46131429 1
46131438 4
46131450 1
46131453 1
46131464 4
46131465 1
46131480 3
46131502 1
46131503 3
46131533 4
46131539 4
46131541 4
46131562 4
46131568 3
46131574 4
46131580 4
46131606 2
46131625 1
46131646 4
46131692 1
46131697 4
46131710 3
46131722 4
46131802 3
46131820 3
46131825 1
46131851 4
46131857 3
46131880 1
46131896 3
46131931 4
46131973 1
46131976 4
46131978 4
46132000 4
46132093 3
46132127 1
46132143 4
46132146 1
46132173 4
46132198 4
46132214 3
46132220 1
46132257 2
46132262 2
46132281 4
46132310 3
46132318 2
46132359 2
46132363 2
46132426 3
46132439 1
46132456 2
46132463 4
46132484 4
46132500 4
46132533 3
46132545 4
46132569 2
46132600 1
46132608 1
46132613 4
46132645 2
46132673 3
46132685 2
46132686 1
46132690 2
46132748 4
46132772 4
46132784 1
46132786 4
46132820 1
46132841 4
46132851 1
46132861 3
46132869 2
46132898 2
46132962 4
46132969 3
46132983 3
46132996 3
46133012 1
46133014 2
46133015 3
46133047 4
46133121 3
46133123 3
46133124 2
46133128 4
46133176 1
46133196 1
46133245 3
46133249 3
46133278 2
46133322 2
46133325 3
46133365 2
46133369 4
46133372 3
46133373 1
46133376 2
46133389 3
46133392 1
46133432 2
46133442 2
46133471 2
46133472 4
46133516 1
46133517 4
46133543 4
46133550 2
46133561 4
46133617 3
46133670 2
46133701 1
46133709 1
46133726 4
46133746 3
46133754 2
46133794 1
46133824 4
46133838 1
46133867 3
46133876 4
46133932 1
46134009 1
46134038 1
46134054 1
46134076 3
46134078 2
46134079 3
46134086 3
46134150 3
46134202 4
46134212 3
46134223 4
46134234 1
46134246 4
46134252 4
46134289 3
46134296 3
46134300 3
46134318 3
46134351 3
46134380 1
46134396 2
46134398 4
46134404 1
46134421 4
46134465 3
46134481 2
46134489 1
46134509 4
46134520 1
46134521 4
46134525 1
46134538 3
46134553 3
46134558 1
46134583 4
46134586 4
46134597 4
46134601 3
46134627 2
46134639 1
46134643 1
46134654 4
46134668 4
46134673 2
46134764 1
46134769 2
46134793 1
46134801 4
46134822 1
46134839 4
46134846 1
46134880 1
46134927 3
46134936 4
46134956 1
46134966 4
46134977 1
46135044 4
46135107 1
46135108 1
46135163 3
46135180 3
46135181 1
46135209 3
46135260 4
46135298 1
46135333 2
46135365 1
46135394 4
46135415 4
46135429 2
46135441 2
46135446 2
46135493 4
46135498 3
46135521 2
46135539 4
46135599 3
46135624 3
46135650 2
46135696 3
46135702 3
46135705 1
46135743 3
46135754 2
46135760 4
46135761 1
46135795 4
46135812 4
46135814 4
46135830 1
46135836 3
46135877 4
46135882 4
46135893 2
46135904 1
46135916 3
46135943 1
46135960 3
46135971 4
46135984 3
46136026 1
46136029 2
46136055 2
46136062 3
46136063 3
46136064 3
46136084 1
46136085 4
46136106 4
46136153 2
46136214 1
46136236 4
46136250 4
46136259 4
46136278 3
46136290 4
46136321 2
46136333 1
46136355 1
46136357 2
46136360 3
46136368 4
46136374 3
46136377 3
46136386 3
46136397 2
46136428 1
46136489 2
46136498 3
46136581 2
46136617 4
46136672 1
46136675 1
46136736 4
46136760 2
46136777 3
46136781 1
46136814 3
46136862 3
46136863 4
46136873 1
46136877 2
46136907 2
46136937 4
46136942 1
46136957 3
46136978 3
46136980 2
46136994 3
46137000 3
46137004 4
46137009 3
46137048 3
46137097 3
46137110 1
46137113 4
46137114 2
46137149 3
46137160 2
46137189 1
46137193 1
46137195 1
46137196 2
46137251 3
46137254 3
46137259 4
46137270 2
46137272 2
46137279 1
46137297 1
46137320 3
46137326 3
46137340 3
46244335 1
46260190 1
46317971 2
46345645 1
46418776 1
46423768 3
46561601 3
46571974 1
46575922 1
46586244 12
46620374 1
46629414 1
46646988 1
46684262 4
46718212 3
46807048 4
46848838 2
46956771 2
46956796 1
46959045 4
46959070 4
47028032 1
47033271 2
47033459 1
47091481 1
47093436 1
47158165 1
47178645 1
47259854 1
47293243 1
47345091 13
47387197 1
47433378 1
47465311 1
47517425 1
47531300 1
47573373 2
47593272 14
47613768 1
47678254 1
47722058 16
47737575 18
47765395 2
47957715 1
48001071 1
48163143 1
48220780 2
48231380 7
48232780 7
48292952 1
48350524 4
48392863 1
48399611 1
48405141 1
48419477 10
48427803 1
48446867 1
48483318 5
48504620 2
48527864 1
48594661 1
48634167 1
48712975 1
48797165 1
48797212 1
48854611 1
48954654 4
49015518 2
49015879 1
49107605 1
49121476 1
49168357 8
49173109 1
49205789 8
49266045 1
49266752 3
49323756 1
49386871 1
49505804 17
49554864 2
49626251 2
49652952 1
49663244 5
49675699 1
49675831 1
49741101 1
49959487 1
49959571 1
49986922 1
50021520 1
50122617 1
50205854 2
50209909 4
50254390 3
50332796 2
50427238 1
50553491 2
50582914 2
50626068 1
50626201 1
50681478 2
50707158 1
50876242 1
51018459 8
51057874 1
